Dijkstra:

Predicates: 7

Cyclomatic Complexity: 7 + 1 = 8

1,2,3,4,6,7,8,3,5,9,10,13,14,15,16,10,5,11,12,17,18,19


PATH: 1,2,3,5,11,12 (GOOD) (Empty Graph)

PATH: 1,2,3,5,9,10,5,11,12 (Impossible)

PATH: 1,2,3,5,9,10,13,10,5,11,12 (Impossible)

PATH: 1,2,3,5,9,10,13,14,15,10,5,11,12

PATH: 1,2,3,5,9,10,13,14,15,16,10,5,11,12

PATH: 1,2,3,4,6,8,3,5,11,12

PATH: 1,2,3,4,6,7,8,3,5,11,12




#########################################

PATH: 1,2,3,4,6,8,3,5,11,12

PATH: 1,2,3,4,6,7,8,3,5,11,12

PATH: 1,2,3,4,6,7,8,3,5,9,10,5,11,12

PATH: 1,2,3,4,6,7,8,3,5,9,10,13,10,5,11,12

PATH: 1,2,3,4,6,7,8,3,5,9,10,13,14,15,10,5,11,12

PATH: 1,2,3,4,6,7,8,3,5,9,10,13,14,15,16,10,5,11,12








PATH1: 1,2,3,5,11,12,18,19 (GOOD)

PATH2: 1,2,3,5,11,12,17,12,18,19 (unfeasable)

PATH3: 1,2,3,4,6,8,3,5,9,10,13,14,15,16,10,5,11,12,17,18,19 

PATH4: 1,2,3,5,9,10,9,11,12,18,19

PATH: 1,2,3,5,9,10,13,10,5,11,12,18,19

PATH: 1,2,3,5,9,10,13,14,15,10,5,11,12,18,19

PATH: 1,2,3,5,9,10,13,14,15,16,10,5,11,12,18,19

PATH: 1,2,3,5,9,10,13,14,15,16,10,5,11,12,18,19

PATH: 1,2,3,5, 9,10,13,14,15,10,5,11,12,18,19

PATH: 1,2,3,5,9,10,13,14,15,10,5,11,12,18,19

PATH4: 1,2,3,4,6,7,8,3,5,9,10,13,14,15,16,10,5,11,12,17,18,19 (GOOD)







--------------------------------------------------------------------------------------------------------

Sudoku:


Predicates: 6
Cyclomatic Complexity: 6 + 1 = 7

PATH: 1,2,3,8,19
PATH: 1,2,3,4,5,7,9,11,12,19
PATH: 1,2,3,4,5,7,9,11,14,13,12,19
PATH: 1,2,3,4,5,7,9,11,14,15,16,18,13,11,12,19


PATH: 1,2,3,4,5,7,10,5,6,3,12,19 (Sudoku ja resolvido)
PATH: 1,2,3,4,5,7,9,11,14,13,11,12 (Não existe valor possivel para essa linha)
PATH: 1,2,3,4,5,7,9,11,14,15,16,18,13,11,14,15,16,17,19 (AQUI é backtracking)
PATH: 1,2,3,4,5,7,9,11,14,15,16,17,19 (Cécula vazia - colocação 100% sucesso)








